686 0.01 0.01 10.0 25.0
449800.0 -37.500000 0.000000 0.000000 0.000000 38.721226 0.000000
449800.0 37.500000 0.000000 0.000000 0.000000 -38.721226 0.000000
4.4979999999999996e-07 -35.000000 0.000000 4.330127 91.835451 -144.949675 -53.021222
4.4979999999999996e-07 40.000000 0.000000 -4.330127 91.835451 -222.392127 53.021222
4.4979999999999996e-07 -36.417468 2.165064 4.375000 132.553055 -120.342441 45.917725
4.4979999999999996e-07 38.582532 2.165064 -4.375000 132.553055 -197.784892 -45.917725
4.4979999999999996e-07 -38.125000 3.750000 3.247595 137.753176 -53.114225 132.553055
4.4979999999999996e-07 36.875000 3.750000 -3.247595 137.753176 -130.556677 -132.553055
4.4979999999999996e-07 -39.665064 4.330127 1.250000 106.042444 38.721226 183.670901
4.4979999999999996e-07 35.334936 4.330127 -1.250000 106.042444 -38.721226 -183.670901
4.4979999999999996e-07 -40.625000 3.750000 -1.082532 45.917725 130.556677 185.574278
4.4979999999999996e-07 34.375000 3.750000 1.082532 45.917725 53.114225 -185.574278
4.4979999999999996e-07 -40.747595 2.165064 -3.125000 -26.510611 197.784892 137.753176
4.4979999999999996e-07 34.252405 2.165064 3.125000 -26.510611 120.342441 -137.753176
4.4979999999999996e-07 -40.000000 0.000000 -4.330127 -91.835451 222.392127 53.021222
4.4979999999999996e-07 35.000000 0.000000 4.330127 -91.835451 144.949675 -53.021222
4.4979999999999996e-07 -38.582532 -2.165064 -4.375000 -132.553055 197.784892 -45.917725
4.4979999999999996e-07 36.417468 -2.165064 4.375000 -132.553055 120.342441 45.917725
4.4979999999999996e-07 -36.875000 -3.750000 -3.247595 -137.753176 130.556677 -132.553055
4.4979999999999996e-07 38.125000 -3.750000 3.247595 -137.753176 53.114225 132.553055
4.4979999999999996e-07 -35.334936 -4.330127 -1.250000 -106.042444 38.721226 -183.670901
4.4979999999999996e-07 39.665064 -4.330127 1.250000 -106.042444 -38.721226 183.670901
4.4979999999999996e-07 -34.375000 -3.750000 1.082532 -45.917725 -53.114225 -185.574278
4.4979999999999996e-07 40.625000 -3.750000 -1.082532 -45.917725 -130.556677 185.574278
4.4979999999999996e-07 -34.252405 -2.165064 3.125000 26.510611 -120.342441 -137.753176
4.4979999999999996e-07 40.747595 -2.165064 -3.125000 26.510611 -197.784892 137.753176
4.4979999999999996e-07 -34.375000 0.000000 5.412659 90.708593 -142.695959 -52.370630
4.4979999999999996e-07 40.625000 0.000000 -5.412659 90.708593 -220.138411 52.370630
4.4979999999999996e-07 -35.745934 2.201527 5.580236 125.468532 -127.011620 25.946065
4.4979999999999996e-07 39.254066 2.201527 -5.580236 125.468532 -204.454071 -25.946065
4.4979999999999996e-07 -37.420162 4.022389 4.782939 138.533822 -82.670565 99.776451
4.4979999999999996e-07 37.579838 4.022389 -4.782939 138.533822 -160.113017 -99.776451
4.4979999999999996e-07 -39.108194 5.147744 3.158629 127.645355 -17.339767 156.354581
4.4979999999999996e-07 35.891806 5.147744 -3.158629 127.645355 -94.782219 -156.354581
4.4979999999999996e-07 -40.518155 5.383008 0.988164 94.685847 57.684485 185.897584
4.4979999999999996e-07 34.481845 5.383008 -0.988164 94.685847 -19.757966 -185.897584
4.4979999999999996e-07 -41.406250 4.687500 -1.353165 45.354296 129.429819 183.297206
4.4979999999999996e-07 33.593750 4.687500 1.353165 45.354296 51.987367 -183.297206
4.4979999999999996e-07 -41.618919 3.181481 -3.460518 -11.819425 185.490812 149.003076
4.4979999999999996e-07 33.381081 3.181481 3.460518 -11.819425 108.048360 -149.003076
4.4979999999999996e-07 -41.119389 1.125355 -4.969517 -66.949460 216.174010 88.944960
4.4979999999999996e-07 33.880611 1.125355 4.969517 -66.949460 138.731559 -88.944960
4.4979999999999996e-07 -39.994034 -1.125355 -5.619241 -110.503325 216.174010 13.507453
4.4979999999999996e-07 35.005966 -1.125355 5.619241 -110.503325 138.731559 -13.507453
4.4979999999999996e-07 -38.437438 -3.181481 -5.297347 -134.950161 185.490812 -64.265616
4.4979999999999996e-07 36.562562 -3.181481 5.297347 -134.950161 108.048360 64.265616
4.4979999999999996e-07 -36.718750 -4.687500 -4.059494 -136.062889 129.429819 -130.926576
4.4979999999999996e-07 38.281250 -4.687500 4.059494 -136.062889 51.987367 130.926576
4.4979999999999996e-07 -35.135148 -5.383008 -2.119717 -113.649107 57.684485 -174.949141
4.4979999999999996e-07 39.864852 -5.383008 2.119717 -113.649107 -19.757966 174.949141
4.4979999999999996e-07 -33.960450 -5.147744 0.186578 -71.584362 -17.339767 -188.721411
4.4979999999999996e-07 41.039550 -5.147744 -0.186578 -71.584362 -94.782219 188.721411
4.4979999999999996e-07 -33.397772 -4.022389 2.460612 -17.142030 -82.670565 -169.862034
4.4979999999999996e-07 41.602228 -4.022389 -2.460612 -17.142030 -160.113017 169.862034
4.4979999999999996e-07 -33.544407 -2.201527 4.309184 40.264314 -127.011620 -121.631968
4.4979999999999996e-07 41.455593 -2.201527 -4.309184 40.264314 -204.454071 121.631968
4.4979999999999996e-07 -33.750000 0.000000 6.495191 88.232647 -137.744068 -50.941143
4.4979999999999996e-07 41.250000 0.000000 -6.495191 88.232647 -215.186520 50.941143
4.4979999999999996e-07 -35.086896 2.221486 6.744770 117.757361 -127.101909 12.485669
4.4979999999999996e-07 39.913104 2.221486 -6.744770 117.757361 -204.544361 -12.485669
4.4979999999999996e-07 -36.714847 4.175028 6.180831 133.078799 -96.459032 74.406525
4.4979999999999996e-07 38.285153 4.175028 -6.180831 133.078799 -173.901484 -74.406525
4.4979999999999996e-07 -38.437500 5.625000 4.871393 132.348971 -49.511421 127.352856
4.4979999999999996e-07 36.562500 5.625000 -4.871393 132.348971 -126.953873 -127.352856
4.4979999999999996e-07 -40.047076 6.396514 2.974393 115.655903 8.078349 164.938553
4.4979999999999996e-07 34.952924 6.396514 -2.974393 115.655903 -69.364103 -164.938553
4.4979999999999996e-07 -41.349438 6.396514 0.718637 85.013026 69.364103 182.630226
4.4979999999999996e-07 33.650562 6.396514 -0.718637 85.013026 -8.078349 -182.630226
4.4979999999999996e-07 -42.187500 5.625000 -1.623798 44.116324 126.953873 178.293999
4.4979999999999996e-07 32.812500 5.625000 1.623798 44.116324 49.511421 -178.293999
4.4979999999999996e-07 -42.460181 4.175028 -3.770378 -2.101458 173.901484 152.452884
4.4979999999999996e-07 32.539819 4.175028 3.770378 -2.101458 96.459032 -152.452884
4.4979999999999996e-07 -42.134590 2.221486 -5.462195 -48.065774 204.544361 108.223701
4.4979999999999996e-07 32.865410 2.221486 5.462195 -48.065774 127.101909 -108.223701
4.4979999999999996e-07 -41.250000 0.000000 -6.495191 -88.232647 215.186520 50.941143
4.4979999999999996e-07 33.750000 0.000000 6.495191 -88.232647 137.744068 -50.941143
4.4979999999999996e-07 -39.913104 -2.221486 -6.744770 -117.757361 204.544361 -12.485669
4.4979999999999996e-07 35.086896 -2.221486 6.744770 -117.757361 127.101909 12.485669
4.4979999999999996e-07 -38.285153 -4.175028 -6.180831 -133.078799 173.901484 -74.406525
4.4979999999999996e-07 36.714847 -4.175028 6.180831 -133.078799 96.459032 74.406525
4.4979999999999996e-07 -36.562500 -5.625000 -4.871393 -132.348971 126.953873 -127.352856
4.4979999999999996e-07 38.437500 -5.625000 4.871393 -132.348971 49.511421 127.352856
4.4979999999999996e-07 -34.952924 -6.396514 -2.974393 -115.655903 69.364103 -164.938553
4.4979999999999996e-07 40.047076 -6.396514 2.974393 -115.655903 -8.078349 164.938553
4.4979999999999996e-07 -33.650562 -6.396514 -0.718637 -85.013026 8.078349 -182.630226
4.4979999999999996e-07 41.349438 -6.396514 0.718637 -85.013026 -69.364103 182.630226
4.4979999999999996e-07 -32.812500 -5.625000 1.623798 -44.116324 -49.511421 -178.293999
4.4979999999999996e-07 42.187500 -5.625000 -1.623798 -44.116324 -126.953873 178.293999
4.4979999999999996e-07 -32.539819 -4.175028 3.770378 2.101458 -96.459032 -152.452884
4.4979999999999996e-07 42.460181 -4.175028 -3.770378 2.101458 -173.901484 152.452884
4.4979999999999996e-07 -32.865410 -2.221486 5.462195 48.065774 -127.101909 -108.223701
4.4979999999999996e-07 42.134590 -2.221486 -5.462195 48.065774 -204.544361 108.223701
4.4979999999999996e-07 -33.125000 0.000000 7.577722 85.240835 -131.760445 -49.213819
4.4979999999999996e-07 41.875000 0.000000 -7.577722 85.240835 -209.202896 49.213819
4.4979999999999996e-07 -34.436155 2.233573 7.885842 110.465880 -124.186422 3.222967
4.4979999999999996e-07 40.563845 2.233573 -7.885842 110.465880 -201.628874 -3.222967
4.4979999999999996e-07 -36.019547 4.268683 7.493271 125.875546 -102.137341 55.373379
4.4979999999999996e-07 38.980453 4.268683 -7.493271 125.875546 -179.579792 -55.373379
4.4979999999999996e-07 -37.734483 5.924502 6.434889 130.100618 -67.572357 102.603623
4.4979999999999996e-07 37.265517 5.924502 -6.434889 130.100618 -145.014809 -102.603623
4.4979999999999996e-07 -39.428584 7.053903 4.804739 122.765679 -23.562722 140.717085
4.4979999999999996e-07 35.571416 7.053903 -4.804739 122.765679 -101.005174 -140.717085
4.4979999999999996e-07 -40.951323 7.556533 2.747667 104.522470 25.981115 166.327216
4.4979999999999996e-07 34.048677 7.556533 -2.747667 104.522470 -51.461337 -166.327216
4.4979999999999996e-07 -42.167396 7.387733 0.446453 76.991982 76.656966 177.158444
4.4979999999999996e-07 32.832604 7.387733 -0.446453 76.991982 -0.785485 -177.158444
4.4979999999999996e-07 -42.968750 6.562500 -1.894431 42.620418 123.962061 172.248367
4.4979999999999996e-07 32.031250 6.562500 1.894431 42.620418 46.519609 -172.248367
4.4979999999999996e-07 -43.284182 5.154160 -4.066986 4.461842 163.693134 152.033267
4.4979999999999996e-07 31.715818 5.154160 4.066986 4.461842 86.250682 -152.033267
4.4979999999999996e-07 -43.085664 3.287850 -5.878171 -34.093187 192.319904 118.309344
4.4979999999999996e-07 31.914336 3.287850 5.878171 -34.093187 114.877452 -118.309344
4.4979999999999996e-07 -42.390835 1.129401 -7.167055 -69.618887 207.298757 74.073116
4.4979999999999996e-07 32.609165 1.129401 7.167055 -69.618887 129.856305 -74.073116
4.4979999999999996e-07 -41.261434 -1.129401 -7.819115 -98.958644 207.298757 23.255167
4.4979999999999996e-07 33.738566 -1.129401 7.819115 -98.958644 129.856305 -23.255167
4.4979999999999996e-07 -39.797814 -3.287850 -7.776413 -119.505491 192.319904 -29.629106
4.4979999999999996e-07 35.202186 -3.287850 7.776413 -119.505491 114.877452 29.629106
4.4979999999999996e-07 -38.130022 -5.154160 -7.042741 -129.433750 163.693134 -79.880702
4.4979999999999996e-07 36.869978 -5.154160 7.042741 -129.433750 86.250682 79.880702
4.4979999999999996e-07 -36.406250 -6.562500 -5.683292 -127.861253 123.962061 -123.034548
4.4979999999999996e-07 38.593750 -6.562500 5.683292 -127.861253 46.519609 123.034548
4.4979999999999996e-07 -34.779663 -7.387733 -3.818857 -114.927722 76.656966 -155.256234
4.4979999999999996e-07 40.220337 -7.387733 3.818857 -114.927722 -0.785485 155.256234
4.4979999999999996e-07 -33.394789 -7.556533 -1.615099 -91.782359 25.981115 -173.682723
4.4979999999999996e-07 41.605211 -7.556533 1.615099 -91.782359 -51.461337 173.682723
4.4979999999999996e-07 -32.374682 -7.053903 0.732166 -60.481731 -23.562722 -176.676739
4.4979999999999996e-07 42.625318 -7.053903 -0.732166 -60.481731 -101.005174 176.676739
4.4979999999999996e-07 -31.809981 -5.924502 3.014376 -23.807035 -67.572357 -163.972252
4.4979999999999996e-07 43.190019 -5.924502 -3.014376 -23.807035 -145.014809 163.972252
4.4979999999999996e-07 -31.750864 -4.268683 5.028745 14.983020 -102.137341 -136.698110
4.4979999999999996e-07 43.249136 -4.268683 -5.028745 14.983020 -179.579792 136.698110
4.4979999999999996e-07 -32.202583 -2.233573 6.596288 52.441768 -124.186422 -97.277742
4.4979999999999996e-07 42.797417 -2.233573 -6.596288 52.441768 -201.628874 97.277742
4.4979999999999996e-07 -32.500000 0.000000 8.660254 82.140124 -125.559022 -47.423623
4.4979999999999996e-07 42.500000 0.000000 -8.660254 82.140124 -203.001474 47.423623
4.4979999999999996e-07 -33.791090 2.241439 9.012211 103.889541 -119.961309 -3.288845
4.4979999999999996e-07 41.208910 2.241439 -9.012211 103.889541 -197.403761 3.288845
4.4979999999999996e-07 -35.334936 4.330127 8.750000 118.559057 -103.549643 41.070062
4.4979999999999996e-07 39.665064 4.330127 -8.750000 118.559057 -180.992094 -41.070062
4.4979999999999996e-07 -37.026328 6.123724 7.891491 125.148969 -77.442452 82.630112
4.4979999999999996e-07 37.973672 6.123724 -7.891491 125.148969 -154.884904 -82.630112
4.4979999999999996e-07 -38.750000 7.500000 6.495191 123.210186 -43.418898 118.559057
4.4979999999999996e-07 36.250000 7.500000 -6.495191 123.210186 -120.861350 -118.559057
4.4979999999999996e-07 -40.388486 8.365163 4.656253 112.874833 -3.797631 146.408398
4.4979999999999996e-07 34.611514 8.365163 -4.656253 112.874833 -81.240083 -146.408398
4.4979999999999996e-07 -41.830127 8.660254 2.500000 94.847246 38.721226 164.280248
4.4979999999999996e-07 33.169873 8.660254 -2.500000 94.847246 -38.721226 -164.280248
4.4979999999999996e-07 -42.976677 8.365163 0.173376 70.355976 81.240083 170.956671
4.4979999999999996e-07 32.023323 8.365163 -0.173376 70.355976 3.797631 -170.956671
4.4979999999999996e-07 -43.750000 7.500000 -2.165064 41.070062 120.861350 165.982680
4.4979999999999996e-07 31.250000 7.500000 2.165064 41.070062 43.418898 -165.982680
4.4979999999999996e-07 -44.097396 6.123724 -4.355957 8.985292 154.884904 149.697243
4.4979999999999996e-07 30.902604 6.123724 4.355957 8.985292 77.442452 -149.697243
4.4979999999999996e-07 -43.995191 4.330127 -6.250000 -23.711811 180.992094 123.210186
4.4979999999999996e-07 31.004809 4.330127 6.250000 -23.711811 103.549643 -123.210186
4.4979999999999996e-07 -43.450348 2.241439 -7.718115 -54.792994 197.403761 88.326559
4.4979999999999996e-07 31.549652 2.241439 7.718115 -54.792994 119.961309 -88.326559
4.4979999999999996e-07 -42.500000 0.000000 -8.660254 -82.140124 203.001474 47.423623
4.4979999999999996e-07 32.500000 0.000000 8.660254 -82.140124 125.559022 -47.423623
4.4979999999999996e-07 -41.208910 -2.241439 -9.012211 -103.889541 197.403761 3.288845
4.4979999999999996e-07 33.791090 -2.241439 9.012211 -103.889541 119.961309 -3.288845
4.4979999999999996e-07 -39.665064 -4.330127 -8.750000 -118.559057 180.992094 -41.070062
4.4979999999999996e-07 35.334936 -4.330127 8.750000 -118.559057 103.549643 41.070062
4.4979999999999996e-07 -37.973672 -6.123724 -7.891491 -125.148969 154.884904 -82.630112
4.4979999999999996e-07 37.026328 -6.123724 7.891491 -125.148969 77.442452 82.630112
4.4979999999999996e-07 -36.250000 -7.500000 -6.495191 -123.210186 120.861350 -118.559057
4.4979999999999996e-07 38.750000 -7.500000 6.495191 -123.210186 43.418898 118.559057
4.4979999999999996e-07 -34.611514 -8.365163 -4.656253 -112.874833 81.240083 -146.408398
4.4979999999999996e-07 40.388486 -8.365163 4.656253 -112.874833 3.797631 146.408398
4.4979999999999996e-07 -33.169873 -8.660254 -2.500000 -94.847246 38.721226 -164.280248
4.4979999999999996e-07 41.830127 -8.660254 2.500000 -94.847246 -38.721226 164.280248
4.4979999999999996e-07 -32.023323 -8.365163 -0.173376 -70.355976 -3.797631 -170.956671
4.4979999999999996e-07 42.976677 -8.365163 0.173376 -70.355976 -81.240083 170.956671
4.4979999999999996e-07 -31.250000 -7.500000 2.165064 -41.070062 -43.418898 -165.982680
4.4979999999999996e-07 43.750000 -7.500000 -2.165064 -41.070062 -120.861350 165.982680
4.4979999999999996e-07 -30.902604 -6.123724 4.355957 -8.985292 -77.442452 -149.697243
4.4979999999999996e-07 44.097396 -6.123724 -4.355957 -8.985292 -154.884904 149.697243
4.4979999999999996e-07 -31.004809 -4.330127 6.250000 23.711811 -103.549643 -123.210186
4.4979999999999996e-07 43.995191 -4.330127 -6.250000 23.711811 -180.992094 123.210186
4.4979999999999996e-07 -31.549652 -2.241439 7.718115 54.792994 -119.961309 -88.326559
4.4979999999999996e-07 43.450348 -2.241439 -7.718115 54.792994 -197.403761 88.326559
4.4979999999999996e-07 -31.875000 0.000000 9.742786 79.120813 -119.520401 -45.680423
4.4979999999999996e-07 43.125000 0.000000 -9.742786 79.120813 -196.962852 45.680423
4.4979999999999996e-07 -33.150043 2.246841 10.128775 98.057362 -115.254977 -7.956071
4.4979999999999996e-07 41.849957 2.246841 -10.128775 98.057362 -192.697429 7.956071
4.4979999999999996e-07 -34.659594 4.372554 9.968719 111.707614 -102.688657 30.197195
4.4979999999999996e-07 40.340406 4.372554 -9.968719 111.707614 -180.131108 -30.197195
4.4979999999999996e-07 -36.322271 6.262542 9.271247 119.335679 -82.498893 66.722523
4.4979999999999996e-07 38.677729 6.262542 -9.271247 119.335679 -159.941345 -66.722523
4.4979999999999996e-07 -38.048440 7.814914 8.073960 120.530327 -55.774121 99.650822
4.4979999999999996e-07 36.951560 7.814914 -8.073960 120.530327 -133.216573 -99.650822
4.4979999999999996e-07 -39.745043 8.945983 6.441403 115.227153 -23.955081 127.206919
4.4979999999999996e-07 35.254957 8.945983 -6.441403 115.227153 -101.397532 -127.206919
4.4979999999999996e-07 -41.320614 9.594771 4.461589 103.712054 11.242856 147.905258
4.4979999999999996e-07 33.679386 9.594771 -4.461589 103.712054 -66.199596 -147.905258
4.4979999999999996e-07 -42.690216 9.726303 2.241249 86.605811 47.922158 160.629987
4.4979999999999996e-07 32.309784 9.726303 -2.241249 86.605811 -29.520294 -160.629987
4.4979999999999996e-07 -43.780011 9.333487 -0.099917 64.830627 84.105436 164.695112
4.4979999999999996e-07 31.219989 9.333487 0.099917 64.830627 6.662984 -164.695112
4.4979999999999996e-07 -44.531250 8.437500 -2.435696 39.560407 117.842039 159.881480
4.4979999999999996e-07 30.468750 8.437500 2.435696 39.560407 40.399587 -159.881480
4.4979999999999996e-07 -44.903432 7.086646 -4.640167 12.157475 147.313219 146.448596
4.4979999999999996e-07 30.096568 7.086646 4.640167 12.157475 69.870767 -146.448596
4.4979999999999996e-07 -44.876493 5.353748 -6.594485 -15.900870 170.930176 125.120631
4.4979999999999996e-07 30.123507 5.353748 6.594485 -15.900870 93.487724 -125.120631
4.4979999999999996e-07 -44.451885 3.332229 -8.193292 -43.101995 187.419715 97.047380
4.4979999999999996e-07 30.548115 3.332229 8.193292 -43.101995 109.977263 -97.047380
4.4979999999999996e-07 -43.652500 1.131068 -9.350397 -67.979480 195.892879 63.742280
4.4979999999999996e-07 31.347500 1.131068 9.350397 -67.979480 118.450427 -63.742280
4.4979999999999996e-07 -42.521432 -1.131068 -10.003420 -89.192173 195.892879 27.000817
4.4979999999999996e-07 32.478568 -1.131068 10.003420 -89.192173 118.450427 -27.000817
4.4979999999999996e-07 -41.119656 -3.332229 -10.117156 -105.596494 187.419715 -11.196268
4.4979999999999996e-07 33.880344 -3.332229 10.117156 -105.596494 109.977263 11.196268
4.4979999999999996e-07 -39.522745 -5.353748 -9.685473 -116.308080 170.930176 -48.789758
4.4979999999999996e-07 35.477255 -5.353748 9.685473 -116.308080 93.487724 48.789758
4.4979999999999996e-07 -37.816786 -7.086646 -8.731644 -120.749468 147.313219 -83.752980
4.4979999999999996e-07 37.183214 -7.086646 8.731644 -120.749468 69.870767 83.752980
4.4979999999999996e-07 -36.093750 -8.437500 -7.307089 -118.681220 117.842039 -114.201057
4.4979999999999996e-07 38.906250 -8.437500 7.307089 -118.681220 40.399587 114.201057
4.4979999999999996e-07 -34.446525 -9.333487 -5.488608 -110.214837 84.105436 -138.492526
4.4979999999999996e-07 40.553475 -9.333487 5.488608 -110.214837 6.662984 138.492526
4.4979999999999996e-07 -32.963913 -9.726303 -3.374234 -95.806744 47.922158 -155.317826
4.4979999999999996e-07 42.036087 -9.726303 3.374234 -95.806744 -29.520294 155.317826
4.4979999999999996e-07 -31.725844 -9.594771 -1.077955 -76.233684 11.242856 -163.769903
4.4979999999999996e-07 43.274156 -9.594771 1.077955 -76.233684 -66.199596 163.769903
4.4979999999999996e-07 -30.799060 -8.945983 1.276438 -52.550847 -23.955081 -163.393101
4.4979999999999996e-07 44.200940 -8.945983 -1.276438 -52.550847 -101.397532 163.393101
4.4979999999999996e-07 -30.233526 -7.814914 3.562017 -26.034980 -55.774121 -154.207736
4.4979999999999996e-07 44.766474 -7.814914 -3.562017 -26.034980 -133.216573 154.207736
4.4979999999999996e-07 -30.059729 -6.262542 5.655567 1.884440 -82.498893 -136.708991
4.4979999999999996e-07 44.940271 -6.262542 -5.655567 1.884440 -159.941345 136.708991
4.4979999999999996e-07 -30.287039 -4.372554 7.444224 29.702269 -102.688657 -111.840229
4.4979999999999996e-07 44.712961 -4.372554 -7.444224 29.702269 -180.131108 111.840229
4.4979999999999996e-07 -30.903202 -2.246841 8.831561 55.918841 -115.254977 -80.942132
4.4979999999999996e-07 44.096798 -2.246841 -8.831561 55.918841 -192.697429 80.942132
4.4979999999999996e-07 -31.250000 0.000000 10.825318 76.265191 -113.809155 -44.031728
4.4979999999999996e-07 43.750000 0.000000 -10.825318 76.265191 -191.251607 44.031728
4.4979999999999996e-07 -32.511933 2.250710 11.238482 92.908035 -110.476001 -11.356680
4.4979999999999996e-07 42.488067 2.250710 -11.238482 92.908035 -187.918452 11.356680
4.4979999999999996e-07 -33.991868 4.403053 11.160472 105.490353 -100.622211 21.814710
4.4979999999999996e-07 41.008132 4.403053 -11.160472 105.490353 -178.064663 -21.814710
4.4979999999999996e-07 -35.625125 6.362962 10.594695 113.462236 -84.678445 54.032692
4.4979999999999996e-07 39.374875 6.362962 -10.594695 113.462236 -162.120897 -54.032692
4.4979999999999996e-07 -37.340323 8.044779 9.565879 116.475275 -63.341521 83.889187
4.4979999999999996e-07 37.659677 8.044779 -9.565879 116.475275 -140.783972 -83.889187
4.4979999999999996e-07 -39.062500 9.375000 8.118988 114.397786 -37.543965 110.079321
4.4979999999999996e-07 35.937500 9.375000 -8.118988 114.397786 -114.986417 -110.079321
4.4979999999999996e-07 -40.716388 10.295489 6.317259 107.320564 -8.413254 131.458461
4.4979999999999996e-07 34.283612 10.295489 -6.317259 107.320564 -85.855706 -131.458461
4.4979999999999996e-07 -42.229705 10.766015 4.239435 95.552919 22.777460 147.092235
4.4979999999999996e-07 32.770295 10.766015 -4.239435 95.552919 -54.664992 -147.092235
4.4979999999999996e-07 -43.536311 10.766015 1.976327 79.609153 54.664992 156.297373
4.4979999999999996e-07 31.463689 10.766015 -1.976327 79.609153 -22.777460 -156.297373
4.4979999999999996e-07 -44.579101 10.295489 -0.373155 60.186084 85.855706 158.671565
4.4979999999999996e-07 30.420899 10.295489 0.373155 60.186084 8.413254 -158.671565
4.4979999999999996e-07 -45.312500 9.375000 -2.706329 38.132595 114.986417 154.111049
4.4979999999999996e-07 29.687500 9.375000 2.706329 38.132595 37.543965 -154.111049
4.4979999999999996e-07 -45.704456 8.044779 -4.921224 14.412529 140.783972 142.815141
4.4979999999999996e-07 29.295544 8.044779 4.921224 14.412529 63.341521 -142.815141
4.4979999999999996e-07 -45.737837 6.362962 -6.921037 -9.937434 162.120897 125.277525
4.4979999999999996e-07 29.262163 6.362962 6.921037 -9.937434 84.678445 -125.277525
4.4979999999999996e-07 -45.411186 4.403053 -8.618368 -33.853084 178.064663 102.264681
4.4979999999999996e-07 29.588814 4.403053 8.618368 -33.853084 100.622211 -102.264681
4.4979999999999996e-07 -44.738778 2.250710 -9.939034 -56.289191 187.918452 74.782379
4.4979999999999996e-07 30.261222 2.250710 9.939034 -56.289191 110.476001 -74.782379
4.4979999999999996e-07 -43.750000 0.000000 -10.825318 -76.265191 191.251607 44.031728
4.4979999999999996e-07 31.250000 0.000000 10.825318 -76.265191 113.809155 -44.031728
4.4979999999999996e-07 -42.488067 -2.250710 -11.238482 -92.908035 187.918452 11.356680
4.4979999999999996e-07 32.511933 -2.250710 11.238482 -92.908035 110.476001 -11.356680
4.4979999999999996e-07 -41.008132 -4.403053 -11.160472 -105.490353 178.064663 -21.814710
4.4979999999999996e-07 33.991868 -4.403053 11.160472 -105.490353 100.622211 21.814710
4.4979999999999996e-07 -39.374875 -6.362962 -10.594695 -113.462236 162.120897 -54.032692
4.4979999999999996e-07 35.625125 -6.362962 10.594695 -113.462236 84.678445 54.032692
4.4979999999999996e-07 -37.659677 -8.044779 -9.565879 -116.475275 140.783972 -83.889187
4.4979999999999996e-07 37.340323 -8.044779 9.565879 -116.475275 63.341521 83.889187
4.4979999999999996e-07 -35.937500 -9.375000 -8.118988 -114.397786 114.986417 -110.079321
4.4979999999999996e-07 39.062500 -9.375000 8.118988 -114.397786 37.543965 110.079321
4.4979999999999996e-07 -34.283612 -10.295489 -6.317259 -107.320564 85.855706 -131.458461
4.4979999999999996e-07 40.716388 -10.295489 6.317259 -107.320564 8.413254 131.458461
4.4979999999999996e-07 -32.770295 -10.766015 -4.239435 -95.552919 54.664992 -147.092235
4.4979999999999996e-07 42.229705 -10.766015 4.239435 -95.552919 -22.777460 147.092235
4.4979999999999996e-07 -31.463689 -10.766015 -1.976327 -79.609153 22.777460 -156.297373
4.4979999999999996e-07 43.536311 -10.766015 1.976327 -79.609153 -54.664992 156.297373
4.4979999999999996e-07 -30.420899 -10.295489 0.373155 -60.186084 -8.413254 -158.671565
4.4979999999999996e-07 44.579101 -10.295489 -0.373155 -60.186084 -85.855706 158.671565
4.4979999999999996e-07 -29.687500 -9.375000 2.706329 -38.132595 -37.543965 -154.111049
4.4979999999999996e-07 45.312500 -9.375000 -2.706329 -38.132595 -114.986417 154.111049
4.4979999999999996e-07 -29.295544 -8.044779 4.921224 -14.412529 -63.341521 -142.815141
4.4979999999999996e-07 45.704456 -8.044779 -4.921224 -14.412529 -140.783972 142.815141
4.4979999999999996e-07 -29.262163 -6.362962 6.921037 9.937434 -84.678445 -125.277525
4.4979999999999996e-07 45.737837 -6.362962 -6.921037 9.937434 -162.120897 125.277525
4.4979999999999996e-07 -29.588814 -4.403053 8.618368 33.853084 -100.622211 -102.264681
4.4979999999999996e-07 45.411186 -4.403053 -8.618368 33.853084 -178.064663 102.264681
4.4979999999999996e-07 -30.261222 -2.250710 9.939034 56.289191 -110.476001 -74.782379
4.4979999999999996e-07 44.738778 -2.250710 -9.939034 56.289191 -187.918452 74.782379
4.4979999999999996e-07 -30.625000 0.000000 11.907849 73.602305 -108.483384 -42.494310
4.4979999999999996e-07 44.375000 0.000000 -11.907849 73.602305 -185.925835 42.494310
4.4979999999999996e-07 -31.876028 2.253575 12.343210 88.356418 -105.823205 -13.867727
4.4979999999999996e-07 43.123972 2.253575 -12.343210 88.356418 -183.265656 13.867727
4.4979999999999996e-07 -33.330321 4.425701 12.332455 99.917099 -97.938813 15.260071
4.4979999999999996e-07 41.669679 4.425701 -12.332455 99.917099 -175.381265 -15.260071
4.4979999999999996e-07 -34.935317 6.437869 11.875973 107.866516 -85.115172 43.836332
4.4979999999999996e-07 40.064683 6.437869 -11.875973 107.866516 -162.557624 -43.836332
4.4979999999999996e-07 -36.633007 8.217357 10.990262 111.917357 -67.815761 70.828233
4.4979999999999996e-07 38.366993 8.217357 -10.990262 111.917357 -145.258212 -70.828233
4.4979999999999996e-07 -38.362033 9.699848 9.707335 111.923212 -46.665825 95.260217
4.4979999999999996e-07 36.637967 9.699848 -9.707335 111.923212 -124.108277 -95.260217
4.4979999999999996e-07 -40.059902 10.831761 8.073559 107.883871 -22.429779 116.249248
4.4979999999999996e-07 34.940098 10.831761 -8.073559 107.883871 -99.872231 -116.249248
4.4979999999999996e-07 -41.665250 11.572186 6.147984 99.945326 4.016424 133.036729
4.4979999999999996e-07 33.334750 11.572186 -6.147984 99.945326 -73.426028 -133.036729
4.4979999999999996e-07 -43.120055 11.894362 4.000205 88.394496 31.716949 145.015916
4.4979999999999996e-07 31.879945 11.894362 -4.000205 88.394496 -45.725503 -145.015916
4.4979999999999996e-07 -44.371737 11.786645 1.707848 73.648859 59.670626 151.753850
4.4979999999999996e-07 30.628263 11.786645 -1.707848 73.648859 -17.771826 -151.753850
4.4979999999999996e-07 -45.375056 11.252927 -0.646236 56.241360 86.867138 153.007004
4.4979999999999996e-07 29.624944 11.252927 0.646236 56.241360 9.424686 -153.007004
4.4979999999999996e-07 -46.093750 10.312500 -2.976962 36.801152 112.323531 148.730087
4.4979999999999996e-07 28.906250 10.312500 2.976962 36.801152 34.881079 -148.730087
4.4979999999999996e-07 -46.501844 8.999352 -5.200094 16.030855 135.119745 139.077676
4.4979999999999996e-07 28.498156 8.999352 5.200094 16.030855 57.677293 -139.077676
4.4979999999999996e-07 -46.584587 7.360944 -7.235280 -5.318840 154.431865 124.398636
4.4979999999999996e-07 28.415413 7.360944 7.235280 -5.318840 76.989413 -124.398636
4.4979999999999996e-07 -46.338990 5.456492 -9.008965 -26.476297 169.561901 105.223506
4.4979999999999996e-07 28.661010 5.456492 9.008965 -26.476297 92.119449 -105.223506
4.4979999999999996e-07 -45.773929 3.354829 -10.457042 -46.676833 179.963014 82.245323
4.4979999999999996e-07 29.226071 3.354829 10.457042 -46.676833 102.520563 -82.245323
4.4979999999999996e-07 -44.909826 1.131913 -11.527174 -65.190346 185.259282 56.294581
4.4979999999999996e-07 30.090174 1.131913 11.527174 -65.190346 107.816830 -56.294581
4.4979999999999996e-07 -43.777913 -1.131913 -12.180685 -81.347710 185.259282 28.309205
4.4979999999999996e-07 31.222087 -1.131913 12.180685 -81.347710 107.816830 -28.309205
4.4979999999999996e-07 -42.419100 -3.354829 -12.393953 -94.564956 179.963014 -0.699339
4.4979999999999996e-07 32.580900 -3.354829 12.393953 -94.564956 102.520563 0.699339
4.4979999999999996e-07 -40.882498 -5.456492 -12.159272 -104.364378 169.561901 -29.682607
4.4979999999999996e-07 34.117502 -5.456492 12.159272 -104.364378 92.119449 29.682607
4.4979999999999996e-07 -39.223643 -7.360944 -11.485123 -110.391799 154.431865 -57.593068
4.4979999999999996e-07 35.776357 -7.360944 11.485123 -110.391799 76.989413 57.593068
4.4979999999999996e-07 -37.502492 -8.999352 -10.395872 -112.429373 135.119745 -83.421966
4.4979999999999996e-07 37.497508 -8.999352 10.395872 -112.429373 57.677293 83.421966
4.4979999999999996e-07 -35.781250 -10.312500 -8.930887 -110.403457 112.323531 -106.235776
4.4979999999999996e-07 39.218750 -10.312500 8.930887 -110.403457 34.881079 106.235776
4.4979999999999996e-07 -34.122129 -11.252927 -7.143116 -104.387272 86.867138 -125.209949
4.4979999999999996e-07 40.877871 -11.252927 7.143116 -104.387272 9.424686 125.209949
4.4979999999999996e-07 -32.585092 -11.786645 -5.097175 -94.598259 59.670626 -139.658708
4.4979999999999996e-07 42.414908 -11.786645 5.097175 -94.598259 -17.771826 139.658708
4.4979999999999996e-07 -31.225693 -11.894362 -2.867008 -81.390219 31.716949 -149.059837
4.4979999999999996e-07 43.774307 -11.894362 2.867008 -81.390219 -45.725503 149.059837
4.4979999999999996e-07 -30.093064 -11.572186 -0.533220 -65.240524 4.016424 -153.073556
4.4979999999999996e-07 44.906936 -11.572186 0.533220 -65.240524 -73.426028 153.073556
4.4979999999999996e-07 -29.228141 -10.831761 1.819839 -46.732866 -22.429779 -151.554797
4.4979999999999996e-07 45.771859 -10.831761 -1.819839 -46.732866 -99.872231 151.554797
4.4979999999999996e-07 -28.662185 -9.699848 4.107125 -26.536161 -46.665825 -144.558453
4.4979999999999996e-07 46.337815 -9.699848 -4.107125 -26.536161 -124.108277 144.558453
4.4979999999999996e-07 -28.415650 -8.217357 6.245969 -5.380370 -67.815761 -132.337390
4.4979999999999996e-07 46.584350 -8.217357 -6.245969 -5.380370 -145.258212 132.337390
4.4979999999999996e-07 -28.497447 -6.437869 8.159067 15.969881 -85.115172 -115.333309
4.4979999999999996e-07 46.502553 -6.437869 -8.159067 15.969881 -162.557624 115.333309
4.4979999999999996e-07 -28.904620 -4.425701 9.777276 36.742940 -97.938813 -94.160782
4.4979999999999996e-07 46.095380 -4.425701 -9.777276 36.742940 -175.381265 94.160782
4.4979999999999996e-07 -29.622453 -2.253575 11.042108 56.188013 -105.823205 -69.585038
4.4979999999999996e-07 45.377547 -2.253575 -11.042108 56.188013 -183.265656 69.585038
4.4979999999999996e-07 -30.000000 0.000000 12.990381 71.135434 -103.549643 -41.070062
4.4979999999999996e-07 45.000000 0.000000 -12.990381 71.135434 -180.992094 41.070062
4.4979999999999996e-07 -31.241820 2.255756 13.444209 84.318210 -101.388228 -15.741039
4.4979999999999996e-07 43.758180 2.255756 -13.444209 84.318210 -178.830680 15.741039
4.4979999999999996e-07 -32.673791 4.442972 13.489541 94.939020 -94.969659 10.066269
4.4979999999999996e-07 42.326209 4.442972 -13.489541 94.939020 -172.412111 -10.066269
4.4979999999999996e-07 -34.252405 6.495191 13.125000 102.675155 -84.488960 35.567717
4.4979999999999996e-07 40.747595 6.495191 -13.125000 102.675155 -161.931412 -35.567717
4.4979999999999996e-07 -35.929695 8.350056 12.361663 107.291558 -70.264582 59.988459
4.4979999999999996e-07 39.070305 8.350056 -12.361663 107.291558 -147.707034 -59.988459
4.4979999999999996e-07 -37.654698 9.951209 11.222723 108.647961 -52.728726 82.586481
4.4979999999999996e-07 37.345302 9.951209 -11.222723 108.647961 -130.171177 -82.586481
4.4979999999999996e-07 -39.375000 11.250000 9.742786 106.703151 -32.414208 102.675155
4.4979999999999996e-07 35.625000 11.250000 -9.742786 106.703151 -109.856660 -102.675155
4.4979999999999996e-07 -41.038332 12.206965 7.966819 101.516220 -9.938277 119.644097
4.4979999999999996e-07 33.961668 12.206965 -7.966819 101.516220 -87.380729 -119.644097
4.4979999999999996e-07 -42.594153 12.793028 5.948785 93.244770 14.016149 132.977713
4.4979999999999996e-07 32.405847 12.793028 -5.948785 93.244770 -63.426303 -132.977713
4.4979999999999996e-07 -43.995191 12.990381 3.750000 82.140124 38.721226 142.270868
4.4979999999999996e-07 31.004809 12.990381 -3.750000 82.140124 -38.721226 -142.270868
4.4979999999999996e-07 -45.198875 12.793028 1.437273 68.539693 63.426303 147.241196
4.4979999999999996e-07 29.801125 12.793028 -1.437273 68.539693 -14.016149 -147.241196
4.4979999999999996e-07 -46.168634 12.206965 -0.919125 52.856717 87.380729 147.737674
4.4979999999999996e-07 28.831366 12.206965 0.919125 52.856717 9.938277 -147.737674
4.4979999999999996e-07 -46.875000 11.250000 -3.247595 35.567717 109.856660 143.745217
4.4979999999999996e-07 28.125000 11.250000 3.247595 35.567717 32.414208 -143.745217
4.4979999999999996e-07 -47.296512 9.951209 -5.477389 17.198010 130.171177 135.385135
4.4979999999999996e-07 27.703488 9.951209 5.477389 17.198010 52.728726 -135.385135
4.4979999999999996e-07 -47.420361 8.350056 -7.540756 -1.694250 147.707034 122.911444
4.4979999999999996e-07 27.579639 8.350056 7.540756 -1.694250 70.264582 -122.911444
4.4979999999999996e-07 -47.242786 6.495191 -9.375000 -20.535031 161.931412 106.703151
4.4979999999999996e-07 27.757214 6.495191 9.375000 -20.535031 84.488960 -106.703151
4.4979999999999996e-07 -46.769181 4.442972 -10.924390 -38.751866 172.412111 87.252737
4.4979999999999996e-07 28.230819 4.442972 10.924390 -38.751866 94.969659 -87.252737
4.4979999999999996e-07 -46.013936 2.255756 -12.141847 -55.791244 178.830680 65.151193
4.4979999999999996e-07 28.986064 2.255756 12.141847 -55.791244 101.388228 -65.151193
4.4979999999999996e-07 -45.000000 0.000000 -12.990381 -71.135434 180.992094 41.070062
4.4979999999999996e-07 30.000000 0.000000 12.990381 -71.135434 103.549643 -41.070062
4.4979999999999996e-07 -43.758180 -2.255756 -13.444209 -84.318210 178.830680 15.741039
4.4979999999999996e-07 31.241820 -2.255756 13.444209 -84.318210 101.388228 -15.741039
4.4979999999999996e-07 -42.326209 -4.442972 -13.489541 -94.939020 172.412111 -10.066269
4.4979999999999996e-07 32.673791 -4.442972 13.489541 -94.939020 94.969659 10.066269
4.4979999999999996e-07 -40.747595 -6.495191 -13.125000 -102.675155 161.931412 -35.567717
4.4979999999999996e-07 34.252405 -6.495191 13.125000 -102.675155 84.488960 35.567717
4.4979999999999996e-07 -39.070305 -8.350056 -12.361663 -107.291558 147.707034 -59.988459
4.4979999999999996e-07 35.929695 -8.350056 12.361663 -107.291558 70.264582 59.988459
4.4979999999999996e-07 -37.345302 -9.951209 -11.222723 -108.647961 130.171177 -82.586481
4.4979999999999996e-07 37.654698 -9.951209 11.222723 -108.647961 52.728726 82.586481
4.4979999999999996e-07 -35.625000 -11.250000 -9.742786 -106.703151 109.856660 -102.675155
4.4979999999999996e-07 39.375000 -11.250000 9.742786 -106.703151 32.414208 102.675155
4.4979999999999996e-07 -33.961668 -12.206965 -7.966819 -101.516220 87.380729 -119.644097
4.4979999999999996e-07 41.038332 -12.206965 7.966819 -101.516220 9.938277 119.644097
4.4979999999999996e-07 -32.405847 -12.793028 -5.948785 -93.244770 63.426303 -132.977713
4.4979999999999996e-07 42.594153 -12.793028 5.948785 -93.244770 -14.016149 132.977713
4.4979999999999996e-07 -31.004809 -12.990381 -3.750000 -82.140124 38.721226 -142.270868
4.4979999999999996e-07 43.995191 -12.990381 3.750000 -82.140124 -38.721226 142.270868
4.4979999999999996e-07 -29.801125 -12.793028 -1.437273 -68.539693 14.016149 -147.241196
4.4979999999999996e-07 45.198875 -12.793028 1.437273 -68.539693 -63.426303 147.241196
4.4979999999999996e-07 -28.831366 -12.206965 0.919125 -52.856717 -9.938277 -147.737674
4.4979999999999996e-07 46.168634 -12.206965 -0.919125 -52.856717 -87.380729 147.737674
4.4979999999999996e-07 -28.125000 -11.250000 3.247595 -35.567717 -32.414208 -143.745217
4.4979999999999996e-07 46.875000 -11.250000 -3.247595 -35.567717 -109.856660 143.745217
4.4979999999999996e-07 -27.703488 -9.951209 5.477389 -17.198010 -52.728726 -135.385135
4.4979999999999996e-07 47.296512 -9.951209 -5.477389 -17.198010 -130.171177 135.385135
4.4979999999999996e-07 -27.579639 -8.350056 7.540756 1.694250 -70.264582 -122.911444
4.4979999999999996e-07 47.420361 -8.350056 -7.540756 1.694250 -147.707034 122.911444
4.4979999999999996e-07 -27.757214 -6.495191 9.375000 20.535031 -84.488960 -106.703151
4.4979999999999996e-07 47.242786 -6.495191 -9.375000 20.535031 -161.931412 106.703151
4.4979999999999996e-07 -28.230819 -4.442972 10.924390 38.751866 -94.969659 -87.252737
4.4979999999999996e-07 46.769181 -4.442972 -10.924390 38.751866 -172.412111 87.252737
4.4979999999999996e-07 -28.986064 -2.255756 12.141847 55.791244 -101.388228 -65.151193
4.4979999999999996e-07 46.013936 -2.255756 -12.141847 55.791244 -178.830680 65.151193
4.4979999999999996e-07 -29.375000 0.000000 14.072913 68.855901 -98.990577 -39.753973
4.4979999999999996e-07 45.625000 0.000000 -14.072913 68.855901 -176.433028 39.753973
4.4979999999999996e-07 -30.608944 2.257454 14.542343 80.718207 -97.207245 -17.148643
4.4979999999999996e-07 44.391056 2.257454 -14.542343 80.718207 -174.649697 17.148643
4.4979999999999996e-07 -32.021362 4.456441 14.635134 90.489953 -91.903437 5.900828
4.4979999999999996e-07 42.978638 4.456441 -14.635134 90.489953 -169.345889 -5.900828
4.4979999999999996e-07 -33.575674 6.540009 14.348883 97.918058 -83.216519 28.797471
4.4979999999999996e-07 41.424326 6.540009 -14.348883 97.918058 -160.658971 -28.797471
4.4979999999999996e-07 -35.231624 8.454194 13.691004 102.810136 -71.371478 50.948274
4.4979999999999996e-07 39.768376 8.454194 -13.691004 102.810136 -148.813930 -50.948274
4.4979999999999996e-07 -36.946324 10.149419 12.678534 105.039485 -56.675093 71.779544
4.4979999999999996e-07 38.053676 10.149419 -12.678534 105.039485 -134.117545 -71.779544
4.4979999999999996e-07 -38.675364 11.581780 11.337698 104.548367 -39.507994 90.751761
4.4979999999999996e-07 36.324636 11.581780 -11.337698 104.548367 -116.950446 -90.751761
4.4979999999999996e-07 -40.373963 12.714179 9.703220 101.349501 -20.314799 107.373555
4.4979999999999996e-07 34.626037 12.714179 -9.703220 101.349501 -97.757251 -107.373555
4.4979999999999996e-07 -41.998127 13.517288 7.817435 95.525737 0.407397 121.214431
4.4979999999999996e-07 33.001873 13.517288 -7.817435 95.525737 -77.035054 -121.214431
4.4979999999999996e-07 -43.505792 13.970305 5.729182 87.227906 22.121902 131.915916
4.4979999999999996e-07 31.494208 13.970305 -5.729182 87.227906 -55.320549 -131.915916
4.4979999999999996e-07 -44.857911 14.061500 3.492546 76.670918 44.266321 139.200849
4.4979999999999996e-07 30.142089 14.061500 -3.492546 76.670918 -33.176131 -139.200849
4.4979999999999996e-07 -46.019463 13.788508 1.165455 64.128193 66.267125 142.880553
4.4979999999999996e-07 28.980537 13.788508 -1.165455 64.128193 -11.175327 -142.880553
4.4979999999999996e-07 -46.960366 13.158402 -1.191820 49.924582 87.554504 142.859725
4.4979999999999996e-07 28.039634 13.158402 1.191820 49.924582 10.112052 -142.859725
4.4979999999999996e-07 -47.656250 12.187500 -3.518228 34.427951 107.577127 139.138906
4.4979999999999996e-07 27.343750 12.187500 3.518228 34.427951 30.134675 -139.138906
4.4979999999999996e-07 -48.089093 10.900948 -5.753516 18.039653 125.816419 131.814462
4.4979999999999996e-07 26.910907 10.900948 5.753516 18.039653 48.373967 -131.814462
4.4979999999999996e-07 -48.247684 9.332067 -7.839791 1.184139 141.799990 121.076093
4.4979999999999996e-07 26.752316 9.332067 7.839791 1.184139 64.357538 -121.076093
4.4979999999999996e-07 -48.127915 7.521491 -9.723019 -15.702045 155.113876 107.201916
4.4979999999999996e-07 26.872085 7.521491 9.723019 -15.702045 77.671424 -107.201916
4.4979999999999996e-07 -47.732889 5.516112 -11.354426 -32.181554 165.413253 90.551266
4.4979999999999996e-07 27.267111 5.516112 11.354426 -32.181554 87.970802 -90.551266
4.4979999999999996e-07 -47.072837 3.367868 -12.691760 -47.827577 172.431374 71.555386
4.4979999999999996e-07 27.927163 3.367868 12.691760 -47.827577 94.988922 -71.555386
4.4979999999999996e-07 -46.164853 1.132399 -13.700383 -62.234891 175.986471 50.706259
4.4979999999999996e-07 28.835147 1.132399 13.700383 -62.234891 98.544020 -50.706259
4.4979999999999996e-07 -45.032454 -1.132399 -14.354174 -75.030354 175.986471 28.543867
4.4979999999999996e-07 29.967546 -1.132399 14.354174 -75.030354 98.544020 -28.543867
4.4979999999999996e-07 -43.704968 -3.367868 -14.636199 -85.882571 172.431374 5.642203
4.4979999999999996e-07 31.295032 -3.367868 14.636199 -85.882571 94.988922 -5.642203
4.4979999999999996e-07 -42.216777 -5.516112 -14.539155 -94.510474 165.413253 -17.405590
4.4979999999999996e-07 32.783223 -5.516112 14.539155 -94.510474 87.970802 17.405590
4.4979999999999996e-07 -40.606424 -7.521491 -14.065554 -100.690605 155.113876 -40.002588
4.4979999999999996e-07 34.393576 -7.521491 14.065554 -100.690605 77.671424 40.002588
4.4979999999999996e-07 -38.915616 -9.332067 -13.227662 -104.262903 141.799990 -61.563540
4.4979999999999996e-07 36.084384 -9.332067 13.227662 -104.262903 64.357538 61.563540
4.4979999999999996e-07 -37.188145 -10.900948 -12.047181 -105.134846 125.816419 -81.530029
4.4979999999999996e-07 37.811855 -10.900948 12.047181 -105.134846 48.373967 81.530029
4.4979999999999996e-07 -35.468750 -12.187500 -10.554685 -103.283852 107.577127 -99.384933
4.4979999999999996e-07 39.531250 -12.187500 10.554685 -103.283852 30.134675 99.384933
4.4979999999999996e-07 -33.801964 -13.158402 -8.788827 -98.757860 87.554504 -114.665819
4.4979999999999996e-07 41.198036 -13.158402 8.788827 -98.757860 10.112052 114.665819
4.4979999999999996e-07 -32.230955 -13.788508 -6.795344 -91.674092 66.267125 -126.976921
4.4979999999999996e-07 42.769045 -13.788508 6.795344 -91.674092 -11.175327 126.976921
4.4979999999999996e-07 -30.796411 -14.061500 -4.625864 -82.216013 44.266321 -135.999387
4.4979999999999996e-07 44.203589 -14.061500 4.625864 -82.216013 -33.176131 135.999387
4.4979999999999996e-07 -29.535487 -13.970305 -2.336578 -70.628582 22.121902 -141.499540
4.4979999999999996e-07 45.464513 -13.970305 2.336578 -70.628582 -55.320549 141.499540
4.4979999999999996e-07 -28.480839 -13.517288 0.013225 -57.211908 0.407397 -143.334930
4.4979999999999996e-07 46.519161 -13.517288 -0.013225 -57.211908 -77.035054 143.334930
4.4979999999999996e-07 -27.659783 -12.714179 2.362686 -42.313476 -20.314799 -141.458020
4.4979999999999996e-07 47.340217 -12.714179 -2.362686 -42.313476 -97.757251 141.458020
4.4979999999999996e-07 -27.093584 -11.581780 4.650954 -26.319147 -39.507994 -135.917422
4.4979999999999996e-07 47.906416 -11.581780 -4.650954 -26.319147 -116.950446 135.917422
4.4979999999999996e-07 -26.796905 -10.149419 6.818764 -9.643166 -56.675093 -126.856634
4.4979999999999996e-07 48.203095 -10.149419 -6.818764 -9.643166 -134.117545 126.856634
4.4979999999999996e-07 -26.777431 -8.454194 8.809973 7.282568 -71.371478 -114.510326
4.4979999999999996e-07 48.222569 -8.454194 -8.809973 7.282568 -148.813930 114.510326
4.4979999999999996e-07 -27.035665 -6.540009 10.573008 24.019688 -83.216519 -99.198261
4.4979999999999996e-07 47.964335 -6.540009 -10.573008 24.019688 -160.658971 99.198261
4.4979999999999996e-07 -27.564921 -4.456441 12.062207 40.134710 -91.903437 -81.317012
4.4979999999999996e-07 47.435079 -4.456441 -12.062207 40.134710 -169.345889 81.317012
4.4979999999999996e-07 -28.351490 -2.257454 13.239001 55.210264 -97.207245 -61.329696
4.4979999999999996e-07 46.648510 -2.257454 -13.239001 55.210264 -174.649697 61.329696
4.4979999999999996e-07 -28.750000 0.000000 15.155445 66.750026 -94.778827 -38.538146
4.4979999999999996e-07 46.250000 0.000000 -15.155445 66.750026 -172.221279 38.538146
4.4979999999999996e-07 -29.977131 2.258802 15.638231 77.492109 -93.287742 -18.210556
4.4979999999999996e-07 45.022869 2.258802 -15.638231 77.492109 -170.730194 18.210556
4.4979999999999996e-07 -31.372311 4.467146 15.771685 86.503146 -88.847794 2.523827
4.4979999999999996e-07 43.627689 4.467146 -15.771685 86.503146 -166.290246 -2.523827
4.4979999999999996e-07 -32.904373 6.575701 15.552825 93.581845 -81.558166 23.201833
4.4979999999999996e-07 42.095627 6.575701 -15.552825 93.581845 -159.000617 -23.201833
4.4979999999999996e-07 -34.539094 8.537366 14.986541 98.570081 -71.581694 43.361547
4.4979999999999996e-07 40.460906 8.537366 -14.986541 98.570081 -149.024146 -43.361547
4.4979999999999996e-07 -36.239956 10.308320 14.085483 101.356424 -59.141238 62.552637
4.4979999999999996e-07 38.760044 10.308320 -14.085483 101.356424 -136.583690 -62.552637
4.4979999999999996e-07 -37.968966 11.849004 12.869778 101.878632 -44.514696 80.346403
4.4979999999999996e-07 37.031034 11.849004 -12.869778 101.878632 -121.957147 -80.346403
4.4979999999999996e-07 -39.687500 13.125000 11.366583 100.125040 -28.028801 96.345364
4.4979999999999996e-07 35.312500 13.125000 -11.366583 100.125040 -105.471252 -96.345364
4.4979999999999996e-07 -41.357169 14.107805 9.609478 96.134819 -10.051820 110.192129
4.4979999999999996e-07 33.642831 14.107805 -9.609478 96.134819 -87.494272 -110.192129
4.4979999999999996e-07 -42.940675 14.775466 7.637713 89.997106 9.014669 121.577384
4.4979999999999996e-07 32.059325 14.775466 -7.637713 89.997106 -68.427782 -121.577384
4.4979999999999996e-07 -44.402645 15.113067 5.495334 81.849006 28.744754 130.246801
4.4979999999999996e-07 30.597355 15.113067 -5.495334 81.849006 -48.697697 -130.246801
4.4979999999999996e-07 -45.710422 15.113067 3.230199 71.872535 48.697697 136.006719
4.4979999999999996e-07 29.289578 15.113067 -3.230199 71.872535 -28.744754 -136.006719
4.4979999999999996e-07 -46.834791 14.775466 0.892906 60.290550 68.427782 138.728472
4.4979999999999996e-07 28.165209 14.775466 -0.892906 60.290550 -9.014669 -138.728472
4.4979999999999996e-07 -47.750637 14.107805 -1.464333 47.361773 87.494272 138.351260
4.4979999999999996e-07 27.249363 14.107805 1.464333 47.361773 10.051820 -138.351260
4.4979999999999996e-07 -48.437500 13.125000 -3.788861 33.375013 105.471252 134.883510
4.4979999999999996e-07 26.562500 13.125000 3.788861 33.375013 28.028801 -134.883510
4.4979999999999996e-07 -48.880038 11.849004 -6.028752 18.642710 121.957147 128.402685
4.4979999999999996e-07 26.119962 11.849004 6.028752 18.642710 44.514696 -128.402685
4.4979999999999996e-07 -49.068364 10.308320 -8.133971 3.493960 136.583690 119.053556
4.4979999999999996e-07 25.931636 10.308320 8.133971 3.493960 59.141238 -119.053556
4.4979999999999996e-07 -48.998272 8.537366 -10.057491 -11.732839 149.024146 107.044968
4.4979999999999996e-07 26.001728 8.537366 10.057491 -11.732839 71.581694 -107.044968
4.4979999999999996e-07 -48.671328 6.575701 -11.756342 -26.697546 159.000617 92.645172
4.4979999999999996e-07 26.328672 6.575701 11.756342 -26.697546 81.558166 -92.645172
4.4979999999999996e-07 -48.094835 4.467146 -13.192577 -41.065874 166.290246 76.175835
4.4979999999999996e-07 26.905165 4.467146 13.192577 -41.065874 88.847794 -76.175835
4.4979999999999996e-07 -47.281671 2.258802 -14.334111 -54.516859 170.730194 58.004857
4.4979999999999996e-07 27.718329 2.258802 14.334111 -54.516859 93.287742 -58.004857
4.4979999999999996e-07 -46.250000 0.000000 -15.155445 -66.750026 172.221279 38.538146
4.4979999999999996e-07 28.750000 0.000000 15.155445 -66.750026 94.778827 -38.538146
4.4979999999999996e-07 -45.022869 -2.258802 -15.638231 -77.492109 170.730194 18.210556
4.4979999999999996e-07 29.977131 -2.258802 15.638231 -77.492109 93.287742 -18.210556
4.4979999999999996e-07 -43.627689 -4.467146 -15.771685 -86.503146 166.290246 -2.523827
4.4979999999999996e-07 31.372311 -4.467146 15.771685 -86.503146 88.847794 2.523827
4.4979999999999996e-07 -42.095627 -6.575701 -15.552825 -93.581845 159.000617 -23.201833
4.4979999999999996e-07 32.904373 -6.575701 15.552825 -93.581845 81.558166 23.201833
4.4979999999999996e-07 -40.460906 -8.537366 -14.986541 -98.570081 149.024146 -43.361547
4.4979999999999996e-07 34.539094 -8.537366 14.986541 -98.570081 71.581694 43.361547
4.4979999999999996e-07 -38.760044 -10.308320 -14.085483 -101.356424 136.583690 -62.552637
4.4979999999999996e-07 36.239956 -10.308320 14.085483 -101.356424 59.141238 62.552637
4.4979999999999996e-07 -37.031034 -11.849004 -12.869778 -101.878632 121.957147 -80.346403
4.4979999999999996e-07 37.968966 -11.849004 12.869778 -101.878632 44.514696 80.346403
4.4979999999999996e-07 -35.312500 -13.125000 -11.366583 -100.125040 105.471252 -96.345364
4.4979999999999996e-07 39.687500 -13.125000 11.366583 -100.125040 28.028801 96.345364
4.4979999999999996e-07 -33.642831 -14.107805 -9.609478 -96.134819 87.494272 -110.192129
4.4979999999999996e-07 41.357169 -14.107805 9.609478 -96.134819 10.051820 110.192129
4.4979999999999996e-07 -32.059325 -14.775466 -7.637713 -89.997106 68.427782 -121.577384
4.4979999999999996e-07 42.940675 -14.775466 7.637713 -89.997106 -9.014669 121.577384
4.4979999999999996e-07 -30.597355 -15.113067 -5.495334 -81.849006 48.697697 -130.246801
4.4979999999999996e-07 44.402645 -15.113067 5.495334 -81.849006 -28.744754 130.246801
4.4979999999999996e-07 -29.289578 -15.113067 -3.230199 -71.872535 28.744754 -136.006719
4.4979999999999996e-07 45.710422 -15.113067 3.230199 -71.872535 -48.697697 136.006719
4.4979999999999996e-07 -28.165209 -14.775466 -0.892906 -60.290550 9.014669 -138.728472
4.4979999999999996e-07 46.834791 -14.775466 0.892906 -60.290550 -68.427782 138.728472
4.4979999999999996e-07 -27.249363 -14.107805 1.464333 -47.361773 -10.051820 -138.351260
4.4979999999999996e-07 47.750637 -14.107805 -1.464333 -47.361773 -87.494272 138.351260
4.4979999999999996e-07 -26.562500 -13.125000 3.788861 -33.375013 -28.028801 -134.883510
4.4979999999999996e-07 48.437500 -13.125000 -3.788861 -33.375013 -105.471252 134.883510
4.4979999999999996e-07 -26.119962 -11.849004 6.028752 -18.642710 -44.514696 -128.402685
4.4979999999999996e-07 48.880038 -11.849004 -6.028752 -18.642710 -121.957147 128.402685
4.4979999999999996e-07 -25.931636 -10.308320 8.133971 -3.493960 -59.141238 -119.053556
4.4979999999999996e-07 49.068364 -10.308320 -8.133971 -3.493960 -136.583690 119.053556
4.4979999999999996e-07 -26.001728 -8.537366 10.057491 11.732839 -71.581694 -107.044968
4.4979999999999996e-07 48.998272 -8.537366 -10.057491 11.732839 -149.024146 107.044968
4.4979999999999996e-07 -26.328672 -6.575701 11.756342 26.697546 -81.558166 -92.645172
4.4979999999999996e-07 48.671328 -6.575701 -11.756342 26.697546 -159.000617 92.645172
4.4979999999999996e-07 -26.905165 -4.467146 13.192577 41.065874 -88.847794 -76.175835
4.4979999999999996e-07 48.094835 -4.467146 -13.192577 41.065874 -166.290246 76.175835
4.4979999999999996e-07 -27.718329 -2.258802 14.334111 54.516859 -93.287742 -58.004857
4.4979999999999996e-07 47.281671 -2.258802 -14.334111 54.516859 -170.730194 58.004857
4.4979999999999996e-07 -28.125000 0.000000 16.237976 64.802605 -90.883984 -37.413801
4.4979999999999996e-07 46.875000 0.000000 -16.237976 64.802605 -168.326436 37.413801
4.4979999999999996e-07 -29.346182 2.259890 16.732323 74.585940 -89.622675 -19.012134
4.4979999999999996e-07 45.653818 2.259890 -16.732323 74.585940 -167.065127 19.012134
4.4979999999999996e-07 -30.726068 4.475793 16.900995 82.917544 -85.863298 -0.240417
4.4979999999999996e-07 44.273932 4.475793 -16.900995 82.917544 -163.305750 0.240417
4.4979999999999996e-07 -32.237801 6.604580 16.740708 89.635253 -79.679025 18.535980
4.4979999999999996e-07 42.762199 6.604580 -16.740708 89.635253 -157.121476 -18.535980
4.4979999999999996e-07 -33.851957 8.604816 16.254581 94.608314 -71.190225 36.951594
4.4979999999999996e-07 41.148043 8.604816 -16.254581 94.608314 -148.632677 -36.951594
4.4979999999999996e-07 -35.537118 10.437570 15.452078 97.739931 -60.562125 54.647988
4.4979999999999996e-07 39.462882 10.437570 -15.452078 97.739931 -138.004577 -54.647988
4.4979999999999996e-07 -37.260485 12.067168 14.348818 98.969152 -48.001587 71.280721
4.4979999999999996e-07 37.739515 12.067168 -14.348818 98.969152 -125.444038 -71.280721
4.4979999999999996e-07 -38.988513 13.461892 12.966275 98.272051 -33.753088 86.526056
4.4979999999999996e-07 36.011487 13.461892 -12.966275 98.272051 -111.195539 -86.526056
4.4979999999999996e-07 -40.687569 14.594596 11.331357 95.662196 -18.093959 100.087260
4.4979999999999996e-07 34.312431 14.594596 -11.331357 95.662196 -95.536410 -100.087260
4.4979999999999996e-07 -42.324582 15.443233 9.475888 91.190385 -1.328986 111.700379
4.4979999999999996e-07 32.675418 15.443233 -9.475888 91.190385 -78.771438 -111.700379
4.4979999999999996e-07 -43.867691 15.991285 7.435981 84.943658 16.215517 121.139377
4.4979999999999996e-07 31.132309 15.991285 -7.435981 84.943658 -61.226934 -121.139377
4.4979999999999996e-07 -45.286860 16.228085 5.251342 77.043598 34.198069 128.220535
4.4979999999999996e-07 29.713140 16.228085 -5.251342 77.043598 -43.244382 -128.220535
4.4979999999999996e-07 -46.554466 16.149023 2.964491 67.643973 52.268659 132.806026
4.4979999999999996e-07 28.445534 16.149023 -2.964491 67.643973 -25.173792 -132.806026
4.4979999999999996e-07 -47.645837 15.755639 0.619939 56.927734 70.075564 134.806599
4.4979999999999996e-07 27.354163 15.755639 -0.619939 56.927734 -7.366888 -134.806599
4.4979999999999996e-07 -48.539732 15.055589 -1.736679 45.103462 87.272192 134.183315
4.4979999999999996e-07 26.460268 15.055589 1.736679 45.103462 9.829740 -134.183315
4.4979999999999996e-07 -49.218750 14.062500 -4.059494 32.401302 103.523831 130.948305
4.4979999999999996e-07 25.781250 14.062500 4.059494 32.401302 26.081379 -130.948305
4.4979999999999996e-07 -49.669676 12.795700 -6.303296 19.068488 118.514160 125.164535
4.4979999999999996e-07 25.330324 12.795700 6.303296 19.068488 41.071709 -125.164535
4.4979999999999996e-07 -49.883734 11.279846 -8.424412 5.364528 131.951412 116.944580
4.4979999999999996e-07 25.116266 11.279846 8.424412 5.364528 54.508960 -116.944580
4.4979999999999996e-07 -49.856756 9.544443 -10.381555 -8.443847 143.574043 106.448432
4.4979999999999996e-07 25.143244 9.544443 10.381555 -8.443847 66.131591 -106.448432
4.4979999999999996e-07 -49.589268 7.623268 -12.136634 -22.087872 153.155834 93.880386
4.4979999999999996e-07 25.410732 7.623268 12.136634 -22.087872 75.713382 -93.880386
4.4979999999999996e-07 -49.086476 5.553715 -13.655487 -35.301982 160.510285 79.485065
4.4979999999999996e-07 25.913524 5.553715 13.655487 -35.301982 83.067833 -79.485065
4.4979999999999996e-07 -48.358166 3.376065 -14.908552 -47.828979 165.494251 63.542658
4.4979999999999996e-07 26.641834 3.376065 14.908552 -47.828979 88.051799 -63.542658
4.4979999999999996e-07 -47.418515 1.132704 -15.871438 -59.425039 168.010724 46.363466
4.4979999999999996e-07 27.581485 1.132704 15.871438 -59.425039 90.568272 -46.363466
4.4979999999999996e-07 -46.285811 -1.132704 -16.525405 -69.864459 168.010724 28.281861
4.4979999999999996e-07 28.714189 -1.132704 16.525405 -69.864459 90.568272 -28.281861
4.4979999999999996e-07 -44.982101 -3.376065 -16.857724 -78.944046 165.494251 9.649782
4.4979999999999996e-07 30.017899 -3.376065 16.857724 -78.944046 88.051799 -9.649782
4.4979999999999996e-07 -43.532761 -5.553715 -16.861926 -86.487077 160.510285 -9.170119
4.4979999999999996e-07 31.467239 -5.553715 16.861926 -86.487077 83.067833 9.170119
4.4979999999999996e-07 -41.966000 -7.623268 -16.537930 -92.346736 153.155834 -27.811534
4.4979999999999996e-07 33.034000 -7.623268 16.537930 -92.346736 75.713382 27.811534
4.4979999999999996e-07 -40.312313 -9.544443 -15.892042 -96.408970 143.574043 -45.911630
4.4979999999999996e-07 34.687687 -9.544443 15.892042 -96.408970 66.131591 45.911630
4.4979999999999996e-07 -38.603888 -11.279846 -14.936834 -98.594713 131.951412 -63.118107
4.4979999999999996e-07 36.396112 -11.279846 14.936834 -98.594713 54.508960 63.118107
4.4979999999999996e-07 -36.873976 -12.795700 -13.690897 -98.861423 118.514160 -79.096063
4.4979999999999996e-07 38.126024 -12.795700 13.690897 -98.861423 41.071709 79.096063
4.4979999999999996e-07 -35.156250 -14.062500 -12.178482 -97.203907 103.523831 -93.534503
4.4979999999999996e-07 39.843750 -14.062500 12.178482 -97.203907 26.081379 93.534503
4.4979999999999996e-07 -33.484142 -15.055589 -10.429027 -93.654428 87.272192 -106.152401
4.4979999999999996e-07 41.515858 -15.055589 10.429027 -93.654428 9.829740 106.152401
4.4979999999999996e-07 -31.890198 -15.755639 -8.476583 -88.282072 70.075564 -116.704163
4.4979999999999996e-07 43.109802 -15.755639 8.476583 -88.282072 -7.366888 116.704163
4.4979999999999996e-07 -30.405443 -16.149023 -6.359152 -81.191406 52.268659 -124.984412
4.4979999999999996e-07 44.594557 -16.149023 6.359152 -81.191406 -25.173792 124.984412
4.4979999999999996e-07 -29.058775 -16.228085 -4.117947 -72.520441 34.198069 -130.831981
4.4979999999999996e-07 45.941225 -16.228085 4.117947 -72.520441 -43.244382 130.831981
4.4979999999999996e-07 -27.876406 -15.991285 -1.796591 -62.437949 16.215517 -134.133054
4.4979999999999996e-07 47.123594 -15.991285 1.796591 -62.437949 -61.226934 134.133054
4.4979999999999996e-07 -26.881349 -15.443233 0.559733 -51.140173 -1.328986 -134.823380
4.4979999999999996e-07 48.118651 -15.443233 -0.559733 -51.140173 -78.771438 134.823380
4.4979999999999996e-07 -26.092972 -14.594596 2.905163 -38.847012 -18.093959 -132.889522
4.4979999999999996e-07 48.907028 -14.594596 -2.905163 -38.847012 -95.536410 132.889522
4.4979999999999996e-07 -25.526620 -13.461892 5.194048 -25.797737 -33.753088 -128.369121
4.4979999999999996e-07 49.473380 -13.461892 -5.194048 -25.797737 -111.195539 128.369121
4.4979999999999996e-07 -25.193317 -12.067168 7.381836 -12.246339 -48.001587 -121.350161
4.4979999999999996e-07 49.806683 -12.067168 -7.381836 -12.246339 -125.444038 121.350161
4.4979999999999996e-07 -25.099548 -10.437570 9.425945 1.543419 -60.562125 -111.969258
4.4979999999999996e-07 49.900452 -10.437570 -9.425945 1.543419 -138.004577 111.969258
4.4979999999999996e-07 -25.247141 -8.604816 11.286588 15.303137 -71.190225 -100.409000
4.4979999999999996e-07 49.752859 -8.604816 -11.286588 15.303137 -148.632677 100.409000
4.4979999999999996e-07 -25.633221 -6.604580 12.927551 28.764997 -79.679025 -86.894396
4.4979999999999996e-07 49.366779 -6.604580 -12.927551 28.764997 -157.121476 86.894396
4.4979999999999996e-07 -26.250275 -4.475793 14.316895 41.666979 -85.863298 -71.688491
4.4979999999999996e-07 48.749725 -4.475793 -14.316895 41.666979 -163.305750 71.688491
4.4979999999999996e-07 -27.086292 -2.259890 15.427576 53.757961 -89.622675 -55.087252
4.4979999999999996e-07 47.913708 -2.259890 -15.427576 53.757961 -167.065127 55.087252
